  2452125.57357   16.482    0.017
  2452129.65448   16.598    0.011
  2452132.59697   16.516    0.013
  2452135.73455   16.530    0.011
  2452140.69697   16.499    0.014
  2452144.58508   16.637    0.014
  2452160.56598   16.682    0.017
  2452168.63373   16.530    0.015
  2452175.60744   16.667    0.025
  2452187.54287   16.508    0.014
  2452206.53804   16.666    0.025
  2452331.87897   16.595    0.014
  2452355.85336   16.608    0.012
  2452364.91082   16.608    0.015
  2452372.81151   16.584    0.012
  2452403.86618   16.577    0.012
  2452411.81478   16.531    0.008
  2452414.74643   16.577    0.012
  2452416.78486   16.551    0.013
  2452424.87923   16.626    0.018
  2452428.77970   16.671    0.016
  2452432.82419   16.696    0.017
  2452434.69007   16.574    0.012
  2452436.73841   16.680    0.014
  2452438.71593   16.789    0.015
  2452440.74910   16.708    0.013
  2452443.71858   16.837    0.018
  2452445.59955   16.632    0.012
  2452448.59235   16.698    0.022
  2452453.83949   16.830    0.017
  2452456.55101   16.727    0.016
  2452458.68793   16.688    0.013
  2452460.76028   16.606    0.015
  2452463.50950   16.548    0.014
  2452466.71909   16.831    0.017
  2452468.58845   16.598    0.011
  2452470.59171   16.620    0.013
  2452472.62770   16.793    0.015
  2452481.49042   16.563    0.020
  2452484.58968   16.740    0.018
  2452486.68244   16.658    0.019
  2452490.64896   16.645    0.017
  2452493.61112   16.603    0.014
  2452495.68249   16.721    0.013
  2452497.76648   16.758    0.016
  2452498.47585   16.828    0.013
  2452500.50062   16.861    0.018
  2452502.53342   16.730    0.014
  2452508.63272   16.670    0.014
  2452512.58017   16.752    0.017
  2452517.62203   16.724    0.013
  2452518.50688   16.897    0.020
  2452518.60952   16.828    0.016
  2452518.67999   16.714    0.015
  2452520.54886   16.763    0.014
  2452526.63785   16.617    0.013
  2452537.61750   16.604    0.021
  2452542.48486   16.613    0.017
  2452547.55228   16.630    0.015
  2452551.58975   16.887    0.023
  2452556.54320   16.869    0.018
  2452564.50037   16.907    0.021
  2452575.49880   16.670    0.017
  2452706.88547   16.801    0.014
  2452714.86971   16.677    0.012
  2452728.90091   16.804    0.017
  2452733.88204   16.759    0.017
  2452744.86964   16.864    0.015
  2452753.85529   16.635    0.014
  2452756.92484   16.876    0.016
  2452760.86786   16.676    0.015
  2452766.92100   16.763    0.017
  2452770.79179   16.791    0.017
  2452783.73639   16.796    0.014
  2452785.84837   16.903    0.020
  2452786.90174   16.648    0.018
  2452789.71198   16.636    0.013
  2452791.69316   16.774    0.015
  2452794.89726   16.712    0.015
  2452796.77895   16.686    0.013
  2452797.94162   16.926    0.016
  2452803.61381   16.778    0.042
  2452809.68511   16.702    0.013
  2452810.85197   16.860    0.016
  2452811.88376   16.690    0.016
  2452813.68052   16.809    0.018
  2452814.70276   16.695    0.014
  2452816.56582   16.790    0.015
  2452818.55332   16.623    0.016
  2452820.71844   16.666    0.015
  2452826.71890   16.849    0.016
  2452834.75537   16.769    0.026
  2452836.69982   16.804    0.017
  2452837.59711   16.873    0.022
  2452839.64535   16.833    0.020
  2452841.65871   16.751    0.016
  2452843.59364   16.649    0.013
  2452849.79895   16.785    0.022
  2452852.49586   16.819    0.021
  2452854.49348   16.639    0.018
  2452856.68315   16.665    0.015
  2452858.64852   16.579    0.013
  2452862.57507   16.819    0.018
  2452865.68442   16.652    0.014
  2452868.56420   16.647    0.014
  2452871.67141   16.592    0.012
  2452876.55499   16.615    0.013
  2452879.59915   16.636    0.015
  2452885.49405   16.741    0.019
  2452894.60186   16.564    0.016
  2452898.58674   16.792    0.018
  2452904.55951   16.566    0.015
  2452909.55404   16.604    0.015
  2452917.59397   16.561    0.015
  2452930.53660   16.549    0.014
  2453051.87172   16.461    0.019
  2453058.86504   16.499    0.011
  2453063.88864   16.449    0.010
  2453067.86351   16.529    0.012
  2453070.82344   16.560    0.017
  2453072.90228   16.517    0.011
  2453075.79916   16.532    0.014
  2453079.85563   16.404    0.012
  2453082.81848   16.428    0.010
  2453084.87409   16.383    0.010
  2453086.80811   16.440    0.010
  2453088.76512   16.519    0.010
  2453089.87507   16.326    0.010
  2453091.79226   16.524    0.012
  2453091.80968   16.497    0.011
  2453091.83158   16.477    0.011
  2453091.85341   16.463    0.011
  2453091.87147   16.450    0.010
  2453091.89816   16.423    0.010
  2453091.91365   16.431    0.011
  2453092.75601   16.346    0.013
  2453092.77190   16.341    0.012
  2453092.79549   16.346    0.014
  2453092.83286   16.372    0.014
  2453092.90821   16.409    0.015
  2453093.88409   16.508    0.013
  2453093.91291   16.519    0.016
  2453096.74554   16.558    0.014
  2453096.80614   16.481    0.012
  2453096.82974   16.456    0.013
  2453096.87708   16.423    0.012
  2453096.90942   16.388    0.012
  2453097.74452   16.376    0.011
  2453097.79936   16.379    0.014
  2453097.81151   16.405    0.011
  2453097.86475   16.410    0.010
  2453097.91196   16.426    0.010
  2453098.73465   16.478    0.012
  2453098.79603   16.529    0.011
  2453098.85588   16.567    0.011
  2453098.87359   16.553    0.010
  2453098.91180   16.541    0.010
  2453099.71461   16.448    0.014
  2453099.77459   16.428    0.014
  2453099.84118   16.373    0.013
  2453099.87613   16.391    0.015
  2453099.90942   16.341    0.013
  2453100.73775   16.400    0.012
  2453100.77321   16.419    0.011
  2453100.82754   16.467    0.010
  2453100.91212   16.518    0.012
  2453101.73129   16.588    0.017
  2453101.81774   16.512    0.012
  2453101.90752   16.443    0.011
  2453102.70382   16.369    0.012
  2453102.79090   16.331    0.010
  2453102.84966   16.376    0.011
  2453102.90976   16.407    0.011
  2453103.75327   16.485    0.014
  2453103.87918   16.529    0.012
  2453104.72642   16.480    0.023
  2453104.89758   16.371    0.026
  2453106.79861   16.499    0.014
  2453107.75646   16.367    0.011
  2453108.73620   16.465    0.010
  2453109.76278   16.429    0.011
  2453110.80225   16.382    0.011
  2453111.83628   16.525    0.012
  2453112.80956   16.343    0.009
  2453113.84342   16.484    0.011
  2453114.75355   16.484    0.010
  2453115.83608   16.412    0.010
  2453118.89759   16.553    0.012
  2453122.88106   16.340    0.014
  2453125.83765   16.323    0.013
  2453126.86696   16.502    0.012
  2453127.77252   16.360    0.011
  2453128.79089   16.363    0.010
  2453129.76558   16.480    0.012
  2453131.65319   16.329    0.015
  2453134.73337   16.482    0.020
  2453134.85072   16.454    0.015
  2453135.83375   16.266    0.009
  2453137.90936   16.330    0.010
  2453138.79360   16.319    0.010
  2453139.83779   16.458    0.010
  2453140.84520   16.291    0.010
  2453142.73738   16.421    0.010
  2453144.75800   16.486    0.012
  2453146.73602   16.371    0.013
  2453151.72026   16.330    0.012
  2453152.72404   16.478    0.011
  2453152.93738   16.300    0.013
  2453153.72799   16.297    0.012
  2453154.78894   16.475    0.014
  2453156.77150   16.365    0.013
  2453158.84207   16.307    0.013
  2453162.78299   16.443    0.012
  2453163.74431   16.295    0.010
  2453164.70259   16.360    0.010
  2453165.77390   16.342    0.008
  2453166.86179   16.379    0.015
  2453168.56152   16.424    0.012
  2453168.89976   16.284    0.011
  2453169.69637   16.341    0.011
  2453170.77406   16.373    0.010
  2453171.86796   16.343    0.009
  2453172.71717   16.436    0.009
  2453174.68012   16.291    0.008
  2453175.68943   16.481    0.009
  2453178.75060   16.282    0.011
  2453179.76358   16.397    0.010
  2453180.67631   16.487    0.009
  2453182.74347   16.449    0.011
  2453183.70200   16.359    0.012
  2453184.66949   16.242    0.008
  2453185.82551   16.364    0.011
  2453193.50321   16.412    0.015
  2453194.61267   16.271    0.010
  2453195.66915   16.444    0.011
  2453196.71289   16.293    0.011
  2453197.49596   16.230    0.010
  2453197.61284   16.259    0.009
  2453197.77511   16.381    0.011
  2453199.75761   16.273    0.012
  2453201.50034   16.463    0.011
  2453202.50844   16.279    0.010
  2453203.62942   16.447    0.009
  2453204.59030   16.143    0.008
  2453205.73202   16.432    0.010
  2453206.63961   16.392    0.010
  2453209.68268   16.231    0.012
  2453210.62774   16.290    0.010
  2453211.70228   16.254    0.013
  2453217.62212   16.164    0.009
  2453218.62149   16.381    0.012
  2453219.72334   16.216    0.014
  2453223.61887   16.290    0.013
  2453224.66862   16.229    0.009
  2453226.58182   16.381    0.012
  2453228.56999   16.270    0.010
  2453229.59811   16.355    0.009
  2453230.63675   16.215    0.008
  2453231.53776   16.345    0.011
  2453232.56639   16.263    0.014
  2453238.57667   16.242    0.010
  2453238.58732   16.252    0.011
  2453238.70357   16.394    0.014
  2453239.54708   16.408    0.011
  2453239.63725   16.359    0.012
  2453240.62380   16.193    0.011
  2453241.62281   16.365    0.017
  2453245.51721   16.247    0.012
  2453246.62928   16.373    0.015
  2453247.64476   16.184    0.010
  2453249.49634   16.379    0.012
  2453250.62392   16.169    0.010
  2453253.61723   16.206    0.011
  2453256.60011   16.340    0.012
  2453259.59229   16.376    0.013
  2453267.49930   16.326    0.013
  2453271.58488   16.151    0.020
  2453274.59871   16.326    0.012
  2453278.57045   16.212    0.010
  2453281.55120   16.212    0.010
  2453281.58627   16.210    0.008
  2453293.48761   16.278    0.011
  2453295.49209   16.458    0.010
  2453299.49546   16.139    0.007
  2453312.50456   16.225    0.015
  2453416.87170   16.172    0.009
  2453421.86847   16.238    0.010
  2453425.88793   16.278    0.011
  2453428.88394   16.320    0.010
  2453432.85756   16.069    0.009
  2453442.85820   16.022    0.009
  2453444.91111   16.089    0.008
  2453447.82425   16.046    0.008
  2453449.83712   16.088    0.008
  2453452.85771   16.020    0.007
  2453454.91123   16.152    0.009
  2453458.77034   16.190    0.009
  2453459.81799   16.241    0.009
  2453468.84673   16.267    0.008
  2453469.85365   16.253    0.008
  2453471.88118   16.374    0.012
  2453473.84917   16.259    0.010
  2453474.87259   16.220    0.009
  2453476.74533   16.215    0.008
  2453478.76107   16.096    0.008
  2453479.89829   16.155    0.007
  2453481.78900   16.253    0.008
  2453484.74478   16.340    0.013
  2453496.69320   16.113    0.008
  2453497.76062   16.263    0.010
  2453499.71816   16.287    0.008
  2453500.70098   16.213    0.008
  2453501.73897   16.171    0.008
  2453502.73758   16.318    0.008
  2453503.66413   16.135    0.007
  2453504.84322   16.332    0.009
  2453506.85492   16.261    0.010
  2453508.72132   16.081    0.010
  2453509.75189   16.242    0.009
  2453510.89218   16.091    0.007
  2453511.80402   16.170    0.008
  2453512.82746   16.188    0.009
  2453517.82712   16.241    0.010
  2453520.78436   16.151    0.008
  2453522.71030   16.301    0.007
  2453523.77143   16.073    0.007
  2453523.91613   16.106    0.012
  2453524.67356   16.071    0.008
  2453525.66766   16.251    0.008
  2453526.72042   16.053    0.007
  2453527.75423   16.248    0.008
  2453528.69512   16.063    0.007
  2453529.65308   16.105    0.007
  2453530.66115   16.258    0.008
  2453538.63939   16.123    0.008
  2453540.62660   16.268    0.010
  2453544.82633   16.206    0.010
  2453547.75787   16.287    0.010
  2453550.60472   16.266    0.010
  2453551.60705   16.111    0.006
  2453552.63717   16.170    0.007
  2453554.71678   16.068    0.010
  2453555.78099   16.285    0.012
  2453556.69315   16.097    0.007
  2453558.50396   16.274    0.009
  2453558.80264   16.057    0.008
  2453559.58552   16.071    0.008
  2453560.57392   16.164    0.008
  2453561.51802   16.204    0.009
  2453562.55868   16.047    0.008
  2453562.81003   16.233    0.010
  2453563.61288   16.260    0.008
  2453564.59461   15.959    0.008
  2453569.53138   16.054    0.011
  2453573.62180   16.194    0.011
  2453574.66278   15.925    0.008
  2453575.51034   16.069    0.008
  2453576.66428   16.080    0.008
  2453577.73197   16.067    0.008
  2453578.63715   16.208    0.008
  2453579.59446   16.071    0.007
  2453579.76218   16.101    0.009
  2453580.62423   16.108    0.008
  2453581.64769   16.076    0.008
  2453582.59578   16.056    0.007
  2453583.60978   16.278    0.010
  2453584.61852   15.990    0.008
  2453585.60882   16.184    0.008
  2453586.65457   16.206    0.008
  2453589.64722   16.125    0.007
  2453590.61612   16.155    0.008
  2453592.62298   16.097    0.007
  2453593.64412   16.296    0.009
  2453594.68106   16.041    0.007
  2453601.62321   16.167    0.008
  2453602.63925   16.079    0.009
  2453603.61331   16.203    0.009
  2453606.64021   16.236    0.011
  2453607.61163   15.945    0.007
  2453608.61854   16.228    0.009
  2453616.56172   16.227    0.011
  2453618.53840   16.155    0.008
  2453619.56299   16.186    0.009
  2453621.56257   16.224    0.010
  2453628.53654   16.148    0.011
  2453629.62118   16.181    0.010
  2453631.50608   16.315    0.012
  2453633.51918   16.126    0.010
  2453637.61536   15.993    0.009
  2453639.56891   16.204    0.007
  2453641.52105   16.234    0.011
  2453643.59741   16.154    0.013
  2453648.51328   16.071    0.008
  2453650.55067   15.956    0.008
  2453654.52252   16.260    0.014
  2453655.49601   16.104    0.009
  2453657.50865   16.114    0.009
  2453660.50281   15.961    0.009
  2453662.50804   16.189    0.010
  2453666.53554   16.197    0.009
  2453775.88427   16.111    0.010
  2453781.86972   16.227    0.013
  2453784.85359   16.088    0.008
  2453787.84422   15.990    0.008
  2453790.87497   16.032    0.009
  2453792.87156   16.049    0.006
  2453794.82854   16.127    0.009
  2453796.81673   16.156    0.009
  2453797.90797   15.902    0.008
  2453799.86289   16.103    0.009
  2453800.88921   15.900    0.007
  2453801.87146   16.154    0.009
  2453802.83698   16.029    0.008
  2453803.87229   16.029    0.007
  2453805.78830   16.041    0.009
  2453806.80842   16.153    0.009
  2453807.82211   15.960    0.008
  2453808.78184   16.060    0.008
  2453809.78465   16.185    0.009
  2453810.82921   15.908    0.007
  2453811.82522   16.188    0.009
  2453812.81699   16.076    0.009
  2453813.79563   15.952    0.007
  2453814.80985   16.173    0.009
  2453817.84404   15.947    0.008
  2453818.87200   16.119    0.008
  2453819.78762   16.214    0.008
  2453820.75795   15.936    0.007
  2453821.75846   16.146    0.008
  2453822.80053   16.095    0.008
  2453823.75657   15.997    0.007
  2453824.77406   16.255    0.009
  2453825.79150   16.041    0.009
  2453826.76764   16.157    0.008
  2453827.78735   16.065    0.008
  2453828.76089   16.012    0.009
  2453829.79623   16.241    0.009
  2453830.71792   15.917    0.007
  2453831.71797   16.089    0.007
  2453832.73951   16.139    0.008
  2453833.74723   15.899    0.007
  2453834.72833   16.190    0.009
  2453835.72193   15.983    0.008
  2453835.90798   15.971    0.007
  2453836.75032   15.995    0.011
  2453836.91802   16.183    0.008
  2453837.71686   16.084    0.009
  2453837.88909   15.875    0.006
  2453838.72432   16.020    0.011
  2453839.72566   16.102    0.011
  2453839.91289   16.022    0.009
  2453840.74417   15.836    0.007
  2453840.89646   15.849    0.007
  2453841.70711   16.003    0.008
  2453841.92704   16.060    0.008
  2453842.82963   16.065    0.007
  2453845.70533   15.974    0.012
  2453845.89004   15.968    0.013
  2453846.68579   15.927    0.009
  2453847.78259   15.975    0.009
  2453848.73749   15.979    0.009
  2453849.73397   16.071    0.008
  2453850.67989   15.921    0.007
  2453850.85244   15.838    0.007
  2453850.92390   15.896    0.008
  2453851.69564   16.077    0.008
  2453851.85892   16.158    0.010
  2453852.68436   16.161    0.009
  2453852.91288   16.042    0.008
  2453853.67267   15.940    0.007
  2453853.84033   16.034    0.006
  2453853.91182   16.108    0.007
  2453854.68928   16.201    0.009
  2453856.66266   15.980    0.007
  2453856.82901   16.131    0.008
  2453857.90015   15.943    0.007
  2453858.71919   16.025    0.009
  2453859.78175   16.208    0.008
  2453860.79796   15.971    0.009
  2453861.65155   16.065    0.009
  2453861.75851   16.138    0.008
  2453862.65658   16.224    0.009
  2453862.84695   16.100    0.007
  2453862.92062   16.055    0.008
  2453863.67280   15.949    0.007
  2453863.89250   16.128    0.007
  2453864.66168   16.213    0.009
  2453864.85273   16.208    0.008
  2453865.72022   16.057    0.008
  2453865.86375   16.035    0.008
  2453865.93273   16.089    0.008
  2453866.67186   16.016    0.008
  2453866.81139   16.165    0.008
  2453866.88960   16.244    0.009
  2453867.68666   16.198    0.008
  2453867.87229   15.967    0.007
  2453868.69457   16.022    0.009
  2453868.83867   16.100    0.009
  2453868.91851   16.162    0.009
  2453869.67208   16.172    0.009
  2453869.85461   16.189    0.010
  2453872.86926   16.014    0.008
  2453873.67855   15.824    0.007
  2453873.81999   15.874    0.007
  2453873.89182   15.956    0.008
  2453874.72948   16.172    0.009
  2453874.90352   16.047    0.008
  2453875.69819   16.010    0.006
  2453875.84507   15.972    0.007
  2453876.61722   15.837    0.006
  2453877.69409   16.089    0.007
  2453877.73154   16.057    0.007
  2453877.77791   15.989    0.006
  2453877.80466   15.963    0.007
  2453877.84284   15.908    0.007
  2453877.87856   15.881    0.007
  2453877.91691   15.858    0.008
  2453877.93494   15.831    0.008
  2453879.63033   15.977    0.005
  2453879.63500   15.996    0.006
  2453879.65010   16.017    0.007
  2453879.92118   16.057    0.008
  2453879.92857   16.060    0.009
  2453879.93610   16.034    0.010
  2453879.93994   16.011    0.009
  2453880.59363   16.081    0.006
  2453880.59732   16.082    0.006
  2453880.60823   16.047    0.007
  2453880.63190   16.026    0.006
  2453880.69055   15.954    0.006
  2453880.69478   15.963    0.006
  2453880.70422   15.952    0.007
  2453880.71455   15.932    0.007
  2453880.76953   15.881    0.006
  2453880.80496   15.860    0.007
  2453880.81935   15.855    0.007
  2453880.85547   15.863    0.007
  2453880.89840   15.876    0.007
  2453880.93321   15.889    0.007
  2453881.59988   16.016    0.009
  2453881.60467   16.029    0.008
  2453881.64489   16.050    0.007
  2453881.73776   16.086    0.007
  2453881.82310   16.107    0.007
  2453881.86036   16.141    0.007
  2453881.90698   16.136    0.007
  2453882.57388   16.066    0.011
  2453882.62981   16.153    0.008
  2453882.67281   16.140    0.008
  2453882.78332   16.069    0.007
  2453882.85720   16.018    0.007
  2453882.92588   15.978    0.007
  2453883.58003   15.902    0.009
  2453883.61735   15.897    0.008
  2453883.68386   15.842    0.007
  2453883.81443   15.905    0.007
  2453886.57672   15.841    0.007
  2453886.77789   16.052    0.007
  2453886.85321   16.124    0.008
  2453887.63051   16.149    0.008
  2453887.75686   16.086    0.007
  2453887.86104   15.932    0.007
  2453887.93307   15.874    0.007
  2453889.64449   16.043    0.007
  2453889.91933   16.079    0.008
  2453891.65387   16.052    0.007
  2453891.77560   16.125    0.010
  2453891.85786   16.146    0.009
  2453892.72051   16.149    0.008
  2453892.90939   16.009    0.008
  2453893.59127   15.943    0.008
  2453893.83776   15.938    0.009
  2453894.64873   16.135    0.011
  2453894.86401   16.163    0.010
  2453896.58475   15.921    0.010
  2453896.84210   16.164    0.013
  2453900.51254   16.223    0.011
  2453900.69791   16.000    0.009
  2453900.78226   15.954    0.008
  2453900.85078   15.938    0.007
  2453901.52733   16.042    0.009
  2453901.70357   16.082    0.008
  2453901.78134   16.138    0.008
  2453901.85443   16.181    0.009
  2453902.53893   16.124    0.009
  2453902.72595   16.160    0.009
  2453902.78944   16.093    0.008
  2453902.82653   16.060    0.009
  2453902.83882   16.045    0.009
  2453902.87189   16.032    0.009
  2453902.88688   16.024    0.009
  2453902.90217   16.010    0.011
  2453903.62199   15.943    0.007
  2453903.63090   15.926    0.007
  2453903.64618   15.916    0.008
  2453903.65788   15.909    0.007
  2453903.67547   15.915    0.007
  2453903.69024   15.906    0.007
  2453903.70481   15.904    0.007
  2453903.71991   15.908    0.007
  2453903.74076   15.914    0.007
  2453903.75389   15.911    0.007
  2453903.75980   15.924    0.007
  2453903.76874   15.924    0.007
  2453903.78069   15.930    0.007
  2453903.78957   15.957    0.008
  2453903.80202   15.951    0.008
  2453903.81235   15.953    0.007
  2453903.82448   15.963    0.008
  2453903.83371   15.985    0.009
  2453903.84312   15.994    0.008
  2453903.85223   15.999    0.008
  2453903.86150   16.017    0.008
  2453903.86784   16.022    0.008
  2453903.87985   16.041    0.010
  2453903.88867   16.043    0.009
  2453903.90095   16.072    0.009
  2453904.53830   16.078    0.008
  2453904.70073   16.197    0.007
  2453904.77017   16.232    0.008
  2453904.84293   16.195    0.009
  2453905.51378   16.192    0.010
  2453905.53514   16.154    0.008
  2453905.62721   16.108    0.008
  2453905.71147   16.056    0.007
  2453905.78169   16.015    0.007
  2453905.85032   16.004    0.007
  2453906.54296   15.908    0.008
  2453906.73580   16.028    0.007
  2453906.80900   16.112    0.008
  2453906.89762   16.193    0.009
  2453907.57727   16.182    0.009
  2453907.76257   16.112    0.009
  2453907.84704   15.981    0.009
  2453908.51524   16.118    0.010
  2453908.70138   16.025    0.007
  2453908.77899   16.043    0.007
  2453908.86172   16.080    0.008
  2453909.51491   15.938    0.009
  2453909.69330   16.117    0.007
  2453909.78810   16.178    0.008
  2453909.86768   16.148    0.009
  2453910.53535   16.173    0.010
  2453912.50979   16.022    0.008
  2453912.70127   16.133    0.007
  2453912.79253   16.051    0.007
  2453912.88042   15.959    0.007
  2453913.50268   16.024    0.007
  2453913.70456   15.867    0.006
  2453913.80009   15.897    0.007
  2453914.52873   16.034    0.008
  2453914.76025   16.153    0.007
  2453915.50442   16.168    0.009
  2453915.70876   16.034    0.007
  2453915.80062   16.011    0.007
  2453916.54917   15.814    0.008
  2453917.52728   16.111    0.008
  2453917.80013   15.996    0.008
  2453918.54831   15.986    0.007
  2453918.79486   15.978    0.009
  2453919.50225   15.889    0.009
  2453919.73475   16.114    0.007
  2453920.49203   16.140    0.010
  2453920.68859   15.946    0.008
  2453920.77059   15.848    0.006
  2453921.49199   15.993    0.008
  2453921.68951   16.001    0.010
  2453921.77783   16.068    0.011
  2453922.68921   16.129    0.010
  2453930.49215   16.184    0.009
  2453930.76630   15.900    0.008
  2453931.47704   16.013    0.010
  2453932.50856   16.019    0.009
  2453932.78388   16.094    0.009
  2453933.48962   16.055    0.008
  2453933.67941   15.885    0.006
  2453933.75498   15.886    0.006
  2453934.47237   16.013    0.007
  2453934.68911   16.166    0.008
  2453934.75819   16.179    0.008
  2453935.52230   16.236    0.009
  2453935.69354   16.109    0.009
  2453935.76218   16.063    0.008
  2453936.47568   15.950    0.009
  2453936.64100   15.919    0.007
  2453936.71752   15.994    0.008
  2453937.48192   16.098    0.010
  2453937.76201   16.111    0.010
  2453938.48039   16.153    0.011
  2453938.67423   15.992    0.007
  2453938.75714   16.044    0.009
  2453939.54772   15.919    0.006
  2453940.66601   16.055    0.007
  2453940.79686   15.936    0.007
  2453944.52071   16.025    0.007
  2453945.49357   16.180    0.009
  2453945.69608   16.015    0.007
  2453945.75195   16.004    0.009
  2453946.49494   15.868    0.008
  2453946.68416   15.936    0.007
  2453946.76566   16.007    0.009
  2453950.49989   16.174    0.009
  2453950.70544   15.947    0.007
  2453951.49555   16.025    0.008
  2453951.72804   16.055    0.009
  2453955.66379   16.032    0.011
  2453956.52665   15.878    0.010
  2453957.48870   16.073    0.009
  2453959.48522   15.866    0.008
  2453959.66655   16.059    0.009
  2453960.48151   16.113    0.008
  2453960.66054   15.973    0.007
  2453960.73268   15.897    0.007
  2453961.55229   15.978    0.008
  2453963.51421   16.003    0.008
  2453963.69154   15.859    0.007
  2453964.49940   16.052    0.008
  2453964.70719   16.159    0.009
  2453965.48756   16.158    0.008
  2453965.68005   16.052    0.007
  2453966.51749   15.872    0.007
  2453966.67054   15.929    0.007
  2453967.49900   16.163    0.011
  2453967.69593   16.169    0.008
  2453968.47929   16.132    0.009
  2453968.65124   16.000    0.007
  2453968.72036   15.996    0.008
  2453969.50789   15.921    0.008
  2453969.66177   16.074    0.008
  2453970.48848   16.216    0.011
  2453970.66940   16.030    0.010
  2453971.52825   15.974    0.009
  2453971.70265   16.052    0.008
  2453973.55332   15.970    0.008
  2453974.48831   16.008    0.009
  2453974.66728   16.156    0.009
  2453975.49099   16.224    0.010
  2453975.66623   16.098    0.008
  2453976.48769   15.906    0.006
  2453976.65485   15.926    0.008
  2453979.49077   15.872    0.009
  2453982.54912   16.059    0.008
  2453983.49724   16.001    0.012
  2453986.56049   15.769    0.007
  2453987.48840   16.062    0.010
  2453987.64935   16.093    0.008
  2453988.49130   16.018    0.008
  2453990.62247   15.982    0.008
  2453995.54911   16.122    0.008
  2453996.54762   15.810    0.008
  2453999.56987   15.950    0.008
  2454001.50011   15.987    0.008
  2454003.52042   15.969    0.007
  2454004.50658   16.027    0.008
  2454006.50249   15.888    0.008
  2454011.59924   16.050    0.009
  2454012.55054   16.089    0.010
  2454016.49803   15.794    0.007
  2454018.52322   16.047    0.010
  2454020.52109   16.110    0.010
  2454023.52147   15.872    0.008
  2454025.54091   16.053    0.009
  2454027.54579   16.076    0.008
  2454030.53760   16.020    0.010
  2454036.51883   15.798    0.009
  2454040.49996   16.032    0.011
  2454042.53002   16.085    0.012
  2454141.85999   15.817    0.008
  2454149.87966   15.890    0.009
  2454153.86598   15.999    0.009
  2454156.84447   15.911    0.010
  2454158.86391   15.843    0.008
  2454161.83184   15.718    0.007
  2454163.80606   15.808    0.008
  2454164.82041   15.574    0.007
  2454165.90076   15.863    0.010
  2454167.90472   15.642    0.007
  2454169.90833   15.875    0.009
  2454174.91508   15.577    0.008
  2454176.88426   15.887    0.008
  2454178.77655   15.914    0.008
  2454179.83535   15.870    0.008
  2454180.91472   15.948    0.012
  2454182.81658   15.969    0.008
  2454183.85271   15.944    0.010
  2454184.89317   15.649    0.006
  2454185.86907   15.935    0.009
  2454189.89913   15.836    0.009
  2454191.85882   15.587    0.008
  2454192.77406   15.876    0.009
  2454194.77348   15.592    0.007
  2454196.76374   15.847    0.010
  2454202.74515   15.893    0.008
  2454203.73333   15.884    0.008
  2454203.91773   15.918    0.008
  2454204.72165   15.596    0.007
  2454205.72206   15.949    0.009
  2454207.71155   15.625    0.007
  2454207.88676   15.792    0.007
  2454208.73367   15.866    0.008
  2454211.74632   15.692    0.008
  2454212.90765   15.943    0.009
  2454213.74032   15.932    0.008
  2454215.73027   15.949    0.009
  2454216.68763   15.930    0.009
  2454216.88071   15.869    0.005
  2454217.69323   15.611    0.006
  2454218.71743   15.850    0.010
  2454219.73888   15.882    0.009
  2454220.67859   15.755    0.009
  2454221.72070   15.647    0.008
  2454222.89895   15.870    0.008
  2454223.72652   15.852    0.009
  2454224.77091   15.468    0.007
  2454228.66514   15.797    0.008
  2454228.89688   15.542    0.007
  2454229.65996   15.786    0.009
  2454229.85701   15.849    0.008
  2454229.91864   15.862    0.008
  2454230.66980   15.729    0.007
  2454230.85776   15.869    0.008
  2454230.91948   15.884    0.011
  2454231.65415   15.650    0.005
  2454231.82958   15.523    0.006
  2454231.92248   15.550    0.007
  2454232.73693   15.894    0.009
  2454232.90399   15.857    0.009
  2454233.78028   15.932    0.010
  2454234.69700   15.556    0.007
  2454235.87921   15.772    0.007
  2454237.68025   15.657    0.006
  2454238.71789   15.752    0.007
  2454238.86386   15.599    0.006
  2454239.60832   15.897    0.010
  2454240.66536   15.804    0.007
  2454240.79675   15.925    0.009
  2454240.93092   15.918    0.009
  2454243.62791   15.950    0.010
  2454243.72418   15.966    0.009
  2454243.81776   15.951    0.009
  2454243.93543   15.925    0.009
  2454244.60372   15.622    0.008
  2454244.69978   15.612    0.007
  2454244.79264   15.672    0.007
  2454245.59642   15.961    0.008
  2454245.69011   15.943    0.008
  2454245.78329   15.856    0.007
  2454246.65515   15.964    0.009
  2454246.74817   15.952    0.009
  2454246.84140   15.964    0.009
  2454247.63811   15.683    0.008
  2454247.80336   15.905    0.008
  2454250.71847   16.031    0.009
  2454251.79003   15.664    0.008
  2454256.60528   15.986    0.010
  2454256.75215   16.010    0.011
  2454256.84996   16.029    0.012
  2454257.63718   15.721    0.009
  2454258.62069   15.858    0.010
  2454258.74338   15.713    0.007
  2454258.83866   15.635    0.008
  2454267.58072   15.727    0.008
  2454268.76813   15.714    0.007
  2454268.88851   15.665    0.008
  2454269.56306   16.021    0.009
  2454269.68410   16.053    0.009
  2454269.77483   16.054    0.008
  2454270.55858   15.885    0.008
  2454272.62699   16.089    0.008
  2454272.77612   16.008    0.009
  2454272.84762   15.922    0.009
  2454273.60399   16.027    0.012
  2454273.78485   16.019    0.010
  2454273.84463   16.055    0.010
  2454274.59645   15.719    0.009
  2454274.75099   15.803    0.007
  2454274.81011   15.871    0.007
  2454275.58919   16.054    0.009
  2454275.76460   15.901    0.009
  2454275.82307   15.856    0.009
  2454275.88425   15.814    0.011
  2454276.57397   16.094    0.011
  2454277.51781   15.771    0.009
  2454277.69299   15.976    0.009
  2454277.75347   16.037    0.010
  2454277.81204   16.049    0.012
  2454278.55161   15.979    0.012
  2454278.73883   15.821    0.009
  2454278.81183   15.794    0.010
  2454283.49728   16.125    0.011
  2454283.70747   16.168    0.013
  2454284.49231   15.808    0.009
  2454284.72277   15.904    0.008
  2454284.78499   15.961    0.009
  2454284.85007   16.045    0.012
  2454285.49078   16.155    0.011
  2454285.68269   16.000    0.010
  2454285.74736   15.946    0.009
  2454285.81512   15.887    0.009
  2454286.49461   16.095    0.013
  2454286.78506   16.120    0.009
  2454289.49881   16.068    0.012
  2454289.71815   16.064    0.011
  2454289.78321   16.033    0.010
  2454289.85001   15.987    0.010
  2454290.54922   15.875    0.009
  2454291.65161   15.722    0.007
  2454291.77400   15.744    0.008
  2454292.47733   16.086    0.009
  2454292.65543   16.027    0.009
  2454292.71506   15.981    0.008
  2454292.77381   15.923    0.008
  2454292.83777   15.853    0.009
  2454293.47767   15.906    0.009
  2454293.68359   15.996    0.008
  2454293.74236   16.007    0.008
  2454293.81997   16.027    0.009
  2454294.47694   15.676    0.007
  2454295.47848   16.008    0.012
  2454295.68198   15.847    0.008
  2454295.74068   15.791    0.007
  2454295.82293   15.754    0.008
  2454296.47975   16.011    0.010
  2454296.66821   16.093    0.009
  2454296.76317   16.107    0.010
  2454297.50056   15.775    0.008
  2454297.70144   15.956    0.008
  2454297.80640   16.010    0.010
  2454298.53526   15.921    0.009
  2454298.64108   15.840    0.008
  2454298.73460   15.774    0.008
  2454299.51808   16.145    0.010
  2454299.61146   16.174    0.009
  2454299.70364   16.130    0.009
  2454299.79383   16.074    0.010
  2454300.50969   15.955    0.009
  2454300.63342   16.064    0.008
  2454300.72985   16.118    0.009
  2454301.50405   15.843    0.008
  2454301.59634   15.797    0.007
  2454301.69296   15.795    0.007
  2454301.79154   15.847    0.007
  2454302.57984   16.159    0.009
  2454302.67171   16.102    0.010
  2454303.65269   16.142    0.011
  2454304.53781   15.825    0.009
  2454304.64722   15.888    0.009
  2454306.52611   16.145    0.012
  2454306.66261   16.218    0.011
  2454307.76314   16.097    0.009
  2454311.73863   15.956    0.011
  2454312.50842   16.279    0.013
  2454312.70362   16.124    0.009
  2454312.80118   16.016    0.011
  2454315.54257   16.130    0.010
  2454316.57143   16.213    0.009
  2454317.49382   15.988    0.008
  2454319.50289   16.222    0.011
  2454319.75734   16.150    0.010
  2454320.52589   15.962    0.009
  2454326.48144   16.041    0.010
  2454327.57486   15.861    0.010
  2454328.50194   15.899    0.009
  2454328.67890   15.796    0.008
  2454329.51232   16.208    0.011
  2454329.66015   16.184    0.011
  2454329.71893   16.106    0.011
  2454330.52465   15.926    0.008
  2454330.67563   16.025    0.008
  2454331.50484   15.832    0.008
  2454331.67138   15.811    0.008
  2454332.48260   16.198    0.009
  2454333.51367   16.072    0.010
  2454333.67472   16.204    0.011
  2454334.48688   15.832    0.011
  2454334.58451   15.875    0.012
  2454338.48703   15.873    0.009
  2454339.50648   16.146    0.011
  2454339.67766   16.072    0.012
  2454340.57515   15.995    0.011
  2454341.48743   15.777    0.010
  2454342.51674   16.111    0.011
  2454343.48484   16.037    0.008
  2454343.69257   16.165    0.012
  2454344.52345   15.854    0.010
  2454345.48888   15.985    0.008
  2454346.49748   16.114    0.010
  2454347.51646   15.926    0.010
  2454348.51319   15.810    0.008
  2454350.51205   15.953    0.009
  2454351.48729   15.774    0.008
  2454352.53477   16.009    0.011
  2454353.49468   16.067    0.009
  2454354.52326   15.864    0.008
  2454355.51385   15.872    0.007
  2454356.49133   16.170    0.010
  2454357.57459   15.965    0.011
  2454358.53183   15.780    0.009
  2454359.50064   16.125    0.010
  2454361.55363   15.851    0.010
  2454362.48901   16.012    0.011
  2454365.54601   15.866    0.011
  2454367.52233   16.030    0.009
  2454368.55791   15.830    0.009
  2454369.56683   16.006    0.011
  2454370.54483   16.057    0.009
  2454371.51829   15.906    0.008
  2454372.50281   15.946    0.008
  2454373.56824   16.173    0.011
  2454375.55441   15.888    0.011
  2454377.59247   16.027    0.010
  2454378.50250   15.905    0.009
  2454379.51783   15.986    0.012
  2454380.52936   16.034    0.009
  2454381.50732   15.956    0.011
  2454382.59587   15.892    0.010
  2454383.52081   16.131    0.010
  2454384.55781   16.042    0.012
  2454387.55071   16.104    0.010
  2454393.51516   16.158    0.010
  2454394.57255   16.114    0.012
  2454395.54396   15.988    0.010
  2454396.55650   16.096    0.013
  2454397.51534   16.133    0.011
  2454398.52297   16.035    0.010
  2454399.55854   16.044    0.011
  2454400.51793   16.301    0.015
  2454402.53256   16.071    0.013
  2454403.53355   16.239    0.013
  2454506.88460   16.781    0.021
  2454510.88139   16.709    0.015
  2454513.84537   16.837    0.016
  2454517.83944   16.660    0.022
  2454519.82536   16.897    0.021
  2454522.85422   16.895    0.024
  2454524.83789   16.781    0.015
  2454530.80003   16.780    0.013
  2454533.83379   16.863    0.018
  2454535.88378   16.853    0.016
  2454537.78340   16.836    0.020
  2454538.87735   16.780    0.016
  2454539.83856   16.859    0.014
  2454540.84847   16.858    0.014
  2454541.77749   16.797    0.014
  2454542.77203   16.859    0.021
  2454543.76768   16.859    0.017
  2454544.76454   16.802    0.018
  2454545.75125   16.833    0.019
  2454546.75786   16.909    0.020
  2454547.77203   16.797    0.015
  2454548.82491   16.776    0.016
  2454550.79716   16.851    0.019
  2454551.74349   16.775    0.019
  2454552.78714   16.823    0.026
  2454556.73982   16.772    0.014
  2454557.75740   16.727    0.014
  2454558.77758   16.738    0.012
  2454559.73044   16.743    0.013
  2454559.91935   16.751    0.017
  2454560.73279   16.758    0.015
  2454560.91997   16.800    0.014
  2454561.72323   16.701    0.013
  2454561.90932   16.726    0.013
  2454564.71344   16.687    0.015
  2454564.91371   16.658    0.012
  2454565.71161   16.652    0.011
  2454565.90219   16.645    0.010
  2454566.71091   16.657    0.012
  2454566.90397   16.650    0.011
  2454567.70309   16.641    0.013
  2454567.90982   16.640    0.012
  2454568.70863   16.627    0.015
  2454569.71829   16.637    0.014
  2454570.70961   16.627    0.015
  2454571.69742   16.647    0.018
  2454571.89540   16.633    0.011
  2454572.72058   16.640    0.017
  2454573.72300   16.590    0.013
  2454574.72543   16.555    0.013
  2454575.73083   16.558    0.012
  2454576.73852   16.613    0.015
  2454577.82271   16.530    0.013
  2454578.77383   16.562    0.018
  2454579.85051   16.570    0.014
  2454583.71750   16.534    0.015
  2454583.90265   16.524    0.012
  2454585.73798   16.522    0.014
  2454586.74587   16.523    0.013
  2454587.75412   16.483    0.015
  2454587.91253   16.464    0.012
  2454588.71930   16.415    0.011
  2454589.70163   16.400    0.013
  2454589.85692   16.405    0.011
  2454589.91894   16.396    0.012
  2454590.67900   16.364    0.011
  2454590.88466   16.370    0.010
  2454591.69081   16.368    0.011
  2454591.86284   16.341    0.010
  2454591.92496   16.345    0.011
  2454592.64929   16.340    0.011
  2454592.83847   16.330    0.012
  2454592.90184   16.347    0.011
  2454593.63858   16.304    0.010
  2454593.84806   16.324    0.010
  2454593.91016   16.331    0.011
  2454594.65961   16.273    0.011
  2454594.85435   16.275    0.010
  2454594.92016   16.277    0.011
  2454595.64509   16.277    0.012
  2454595.84324   16.273    0.010
  2454595.90534   16.256    0.011
  2454596.63840   16.271    0.011
  2454596.91809   16.290    0.010
  2454597.66887   16.265    0.011
  2454597.86020   16.270    0.009
  2454597.93127   16.277    0.011
  2454598.63866   16.280    0.009
  2454598.88345   16.283    0.009
  2454599.61748   16.276    0.012
  2454599.82150   16.288    0.009
  2454600.62667   16.219    0.009
  2454600.93322   16.209    0.010
  2454601.63227   16.164    0.009
  2454601.84855   16.164    0.008
  2454601.91050   16.164    0.008
  2454602.61968   16.147    0.009
  2454602.83427   16.129    0.008
  2454603.75229   16.063    0.009
  2454606.62004   16.004    0.009
  2454610.72178   16.010    0.008
  2454610.92921   16.010    0.009
  2454611.61180   15.967    0.010
  2454611.84472   15.957    0.008
  2454612.63322   15.940    0.009
  2454615.77488   15.780    0.008
  2454615.82641   15.782    0.008
  2454615.90485   15.760    0.009
  2454616.58392   15.771    0.009
  2454616.60929   15.773    0.007
  2454616.63785   15.777    0.007
  2454616.67059   15.764    0.007
  2454616.69357   15.769    0.007
  2454616.71380   15.770    0.007
  2454616.73963   15.750    0.007
  2454616.76868   15.765    0.007
  2454616.78612   15.768    0.007
  2454616.80039   15.767    0.007
  2454616.83142   15.771    0.007
  2454616.85437   15.749    0.007
  2454616.87018   15.761    0.007
  2454616.89582   15.756    0.008
  2454616.91426   15.763    0.008
  2454616.93679   15.744    0.009
  2454617.62598   15.705    0.006
  2454617.63006   15.693    0.007
  2454617.64173   15.696    0.007
  2454617.64743   15.695    0.007
  2454617.65566   15.701    0.007
  2454617.66417   15.696    0.007
  2454617.67242   15.695    0.007
  2454617.68080   15.694    0.007
  2454617.68910   15.703    0.006
  2454617.72173   15.699    0.007
  2454617.73294   15.689    0.008
  2454617.74507   15.705    0.007
  2454617.75627   15.710    0.007
  2454617.76739   15.705    0.007
  2454617.77857   15.696    0.007
  2454617.79410   15.705    0.007
  2454617.80513   15.703    0.008
  2454617.82537   15.712    0.008
  2454617.84045   15.701    0.008
  2454617.87431   15.710    0.009
  2454617.89024   15.699    0.008
  2454617.90156   15.705    0.009
  2454617.92351   15.720    0.009
  2454617.93884   15.726    0.010
  2454618.59547   15.711    0.008
  2454618.65244   15.685    0.007
  2454618.71727   15.698    0.007
  2454621.68464   15.651    0.005
  2454622.77721   15.622    0.007
  2454622.89542   15.606    0.008
  2454623.60882   15.573    0.007
  2454623.84918   15.598    0.007
  2454623.92010   15.594    0.008
  2454624.56095   15.568    0.008
  2454624.79281   15.549    0.006
  2454624.85943   15.553    0.006
  2454624.92842   15.338    0.006
  2454625.58716   15.521    0.007
  2454625.77525   15.526    0.007
  2454625.86917   15.530    0.007
  2454626.58456   15.535    0.007
  2454626.83756   15.540    0.006
  2454627.54249   15.511    0.006
  2454627.81103   15.519    0.006
  2454627.89771   15.497    0.006
  2454628.57579   15.486    0.006
  2454628.73956   15.485    0.006
  2454628.80516   15.489    0.006
  2454628.86714   15.496    0.006
  2454629.58901   15.524    0.007
  2454629.80869   15.519    0.006
  2454629.89098   15.513    0.006
  2454630.54247   15.486    0.007
  2454630.75251   15.500    0.006
  2454630.83568   15.495    0.006
  2454630.89868   15.511    0.007
  2454631.54800   15.464    0.006
  2454631.76383   15.467    0.006
  2454631.84158   15.459    0.006
  2454631.91654   15.480    0.007
  2454632.54532   15.443    0.007
  2454632.81037   15.421    0.005
  2454633.55136   15.383    0.006
  2454633.65322   15.380    0.006
  2454633.77481   15.376    0.006
  2454638.73689   15.152    0.005
  2454638.83456   15.154    0.005
  2454639.54957   15.139    0.006
  2454639.65574   15.137    0.005
  2454639.83513   15.142    0.006
  2454640.57566   15.060    0.004
  2454640.70656   15.059    0.005
  2454640.81385   15.063    0.005
  2454641.59850   15.065    0.004
  2454641.75411   15.070    0.005
  2454642.57423   15.059    0.005
  2454642.73474   15.069    0.005
  2454642.81268   15.074    0.005
  2454643.53440   15.049    0.005
  2454644.64684   15.073    0.005
  2454644.80902   15.063    0.005
  2454644.82616   15.046    0.004
  2454644.83461   15.074    0.004
  2454644.83947   15.065    0.004
  2454644.84238   15.063    0.004
  2454644.85247   15.057    0.005
  2454644.86069   15.056    0.005
  2454644.87501   15.049    0.005
  2454644.88041   15.058    0.005
  2454644.89159   15.051    0.005
  2454644.89777   15.057    0.005
  2454644.90064   15.066    0.006
  2454644.90661   15.048    0.006
  2454645.48646   15.015    0.005
  2454645.50103   15.017    0.005
  2454645.51029   15.032    0.005
  2454645.53687   15.026    0.006
  2454645.65563   15.028    0.004
  2454645.75173   15.017    0.005
  2454645.79045   15.015    0.005
  2454645.82758   15.014    0.005
  2454645.89235   15.004    0.005
  2454646.48812   14.964    0.004
  2454646.50287   14.964    0.004
  2454646.83499   14.996    0.005
  2454646.88846   14.986    0.005
  2454647.48175   15.013    0.005
  2454647.49740   15.013    0.005
  2454647.72224   14.995    0.005
  2454647.82901   14.994    0.005
  2454648.52579   15.020    0.005
  2454648.61525   15.014    0.005
  2454648.69149   15.012    0.005
  2454648.84319   15.000    0.005
  2454649.50595   14.926    0.005
  2454649.71643   14.943    0.004
  2454649.83095   14.939    0.005
  2454650.53745   14.923    0.004
  2454650.75490   14.913    0.004
  2454650.83986   14.902    0.005
  2454651.49767   14.927    0.005
  2454651.79049   14.906    0.005
  2454652.48925   14.869    0.005
  2454652.69183   14.873    0.004
  2454652.77342   14.869    0.004
  2454652.82697   14.860    0.004
  2454653.48568   14.829    0.005
  2454653.70478   14.813    0.004
  2454653.77001   14.810    0.004
  2454654.52102   14.768    0.004
  2454654.73270   14.755    0.004
  2454654.80097   14.757    0.004
  2454655.48549   14.741    0.004
  2454655.70988   14.743    0.004
  2454655.77179   14.731    0.004
  2454656.48750   14.714    0.004
  2454656.67727   14.717    0.004
  2454656.79287   14.721    0.004
  2454657.56205   14.696    0.004
  2454658.64583   14.657    0.004
  2454659.57926   14.639    0.004
  2454660.53524   14.621    0.004
  2454661.47563   14.561    0.004
  2454661.67315   14.563    0.003
  2454661.73774   14.562    0.003
  2454661.80484   14.558    0.004
  2454665.64285   14.362    0.003
  2454666.48710   14.329    0.004
  2454666.67176   14.317    0.003
  2454669.59718   14.235    0.003
  2454670.63318   14.216    0.003
  2454671.55417   14.134    0.003
  2454671.76113   14.139    0.003
  2454672.48889   14.136    0.003
  2454672.75235   14.115    0.003
  2454672.79137   14.114    0.003
  2454674.49334   14.029    0.003
  2454675.64807   14.001    0.003
  2454677.47394   13.931    0.003
  2454677.62033   13.920    0.003
  2454677.70407   13.912    0.003
  2454678.67385   13.865    0.003
  2454679.56669   13.790    0.003
  2454681.51533   13.700    0.003
  2454681.61544   13.694    0.003
  2454682.48639   13.623    0.003
  2454682.56231   13.633    0.003
  2454682.73897   13.619    0.003
  2454683.69179   13.550    0.003
  2454684.48854   13.523    0.003
  2454684.75334   13.502    0.003
  2454685.53072   13.470    0.003
  2454686.48601   13.401    0.003
  2454687.51197   13.381    0.003
  2454687.72535   13.375    0.003
  2454688.48262   13.353    0.003
  2454688.67260   13.349    0.003
  2454688.73428   13.343    0.003
  2454693.52707   13.147    0.003
  2454694.52551   13.063    0.003
  2454697.48621   12.893    0.003
  2454698.48676   12.796    0.003
  2454699.48565   12.720    0.003
  2454700.49398   12.596    0.003
  2454701.48931   12.454    0.003
  2454702.48771   12.335    0.003
  2454703.59562   12.212    0.003
  2454704.60285   12.094    0.003
  2454705.49158   11.959    0.003
  2454708.52424   11.665    0.003
  2454709.50029   11.556    0.003
  2454750.58588   10.585    0.020
  2454756.50170   10.959    0.066
  2454765.50339   11.304    0.010
  2454768.50488   11.365    0.003
  2454867.87886   13.898    0.003
  2454870.88785   13.903    0.003
  2454872.89017   13.887    0.003
  2454876.85159   13.892    0.003
  2454884.83465   13.877    0.003
  2454886.88534   13.882    0.003
  2454890.86752   13.907    0.003
  2454896.85517   13.893    0.003
  2454899.82665   13.901    0.003
  2454900.80637   13.902    0.003
  2454901.86650   13.906    0.003
  2454902.86488   13.900    0.003
  2454904.78929   13.912    0.003
  2454905.89308   13.907    0.003
  2454910.79514   13.937    0.003
  2454911.76577   13.948    0.003
  2454912.76258   13.959    0.003
  2454914.76556   13.963    0.003
  2454918.76244   13.975    0.003
  2454924.72450   14.003    0.003
  2454925.77380   14.015    0.003
  2454925.88983   14.023    0.003
  2454926.73762   14.017    0.003
  2454927.82514   14.017    0.003
  2454928.71884   14.021    0.003
  2454929.71874   14.025    0.003
  2454929.89931   14.042    0.003
  2454930.77675   14.041    0.003
  2454930.81384   14.027    0.003
  2454931.69868   14.018    0.003
  2454931.82104   14.053    0.003
  2454932.77631   14.054    0.003
  2454933.69642   14.053    0.003
  2454933.82459   14.060    0.003
  2454934.70957   14.053    0.003
  2454934.78366   14.053    0.003
  2454934.79998   14.064    0.003
  2454938.70452   14.064    0.003
  2454938.80443   14.055    0.003
  2454939.73011   14.048    0.003
  2454939.82503   14.056    0.003
  2454940.72760   14.074    0.003
  2454941.70229   14.073    0.003
  2454941.82936   14.059    0.003
  2454942.68182   14.066    0.003
  2454942.85470   14.084    0.003
  2454943.69416   14.089    0.003
  2454943.76024   14.075    0.003
  2454944.69953   14.091    0.003
  2454944.77471   14.088    0.003
  2454945.69628   14.081    0.003
  2454945.85154   14.086    0.003
  2454946.75637   14.079    0.003
  2454947.84036   14.084    0.003
  2454948.86356   14.083    0.003
  2454949.65899   14.084    0.003
  2454950.69999   14.080    0.003
  2454951.70715   14.080    0.003
  2454952.80451   14.077    0.003
  2454953.66332   14.081    0.003
  2454953.76903   14.081    0.003
  2454954.68344   14.084    0.003
  2454954.78892   14.079    0.003
  2454955.68738   14.078    0.003
